195790756
171681821
207006355
195790756
123921296
210943364
194803881
209786389
158649729
171681821
216857785
203751764
75496481
142402923
182733784
210454076
127653704
203578896
208580597
205363955
214438480
203579030
204905217
207298106
176443093
181109983
209192698
195791316
199344846
134115745
198385436
195790788
127282631
203708995
202939207
181346634
196890737
200100950
182095845
176443920
196585876
126918693
193752824
127305940
203695802
202692462
211864049
203802230
199415631
212063063
219507018
210230679
219576778
220267535
212972620
215616671
213305503
213807005
203298142
219580039
211109423
219576703
195608683
201751300
203956674
207567691
208580608
195791072
201626940
204927599
199798785
198563695
62315849
177188695
198493808
145624993
199393033
191746386
199797834
125045190
145624514
210246743
203767605
182484360
207293948
207973376
197392670
123429195
61484909
60197314
160047094
161184313
213092742
111673641
124932739
61885131
181110014
201242757
199793628
203820262
200982340
180725527
201102406
199798006
127306440
196614815
199798522
199757490
204294824
193544852
203956643
205064706
203608552
205673392
178019710
203163914
205064715
192724951
201632567
61771675
62047984
63241104
62926992
62873996
62971668
62919793
60784605
61246258
61214136
60701439
62919375
59381516
65215321
60784757
61815336
65650229
62039166
123414019
127280062
43606308
186631952
75673879
127305713
195820745
203578814
206780522
200982373
127823371
125201142
206119059
145624962
59475768
157020041
181325033
180634025
61431922
199087657
61070523
124932778
62335396
59808792
63847274
123257687
73071451
63127235
61150440
59397314
75668288
60581370
56587784
65214365
60225993
123368729
61718053
191754348
195775182
122779502
61918816
62022434
61326735
62628727
61681786
123194693
84943172
62994279
61797464
62926938
101145836
63031640
61897968
62626163
127152907
61884987
75665887
101144869
60652997
63068384
65213543
61612864
66087062
62919748
61102615
61361681
61150759
61884838
62854842
61111246
61885085
60877589
62334530
62848145
62703226
62226126
61327512
101124639
101160844
60784641
60784636
61683285
60784373
61053829
61884832
63833664
83668030
75495002
123423832
80830635
78296909
60588456
60784549
29227774
61885029
60468332
62967873
65211701
61190770
61282437
123163147
61030535
64000639
61884842
101673225
60679392
58388343
62873999
61813107
60806778
62919387
63892214
65211707
65916344
59414094
60784409
157184735
64623481
63249718
61111034
60460704
69704909
62919847
63331415
61420120
101144676
59366246
61686006
62888191
61358638
61886251
63876551
63259070
138505710
59366123
62873378
63077620
61153739
60965426
60769830
60784614
75494215
123195171
64000414
61685822
157095669
62586003
61273746
65214406
62296528
137978862
63133205
61357133
61317637
61273812
61812427
61812425
61111274
63033521
88564046
128624877
125253126
61885057
62919742
62971594
142601047
62837289
124948662
65678550
62050250
60654349
62054146
62919732
61273858
180357146
62060274
62327255
62583516
61796683
61273371
63922274
61964751
87556695
60784759
61272702
61111298
65215014
62800971
62952130
112093865
71872930
123027172
59903149
62052300
62873978
71872896
63184330
56969544
150038752
60568490
62919409
61349388
65214162
60563720
61714633
65211790
125930612
61089466
61273783
101160753
65214203
61858962
62039291
55959466
61327450
122765395
61423989
112975117
61965394
62918681
60098287
61272711
60784360
62328661
63024187
61192830
61420116
62804258
60683957
149105520
60788826
57370115
57932307
60784644
61675933
61896624
58469344
61948564
58484187
101141137
59808187
60759266
63933651
60495147
60197316
61273082
112974911
60784546
66087070
153283393
62816044
17699859
61198133
61085769
63023639
75302266
58303740
101138075
62695377
61273084
62649010
60784432
62031346
60386342
57693172
62688758
55196813
61745561
59947696
59345249
59808050
60149532
60142750
57693416
61991328
195790756
123921296
207006355
210943364
194803881
171681821
209786389
158649729
203751764
127653704
182733784
216857785
203578896
75496481
210454076
208580597
142402923
205363955
214438480
203579030
207298106
176443093
204905217
195790756
171681821
60417443
